53.00	.29	91.00	.71
18.00	.49	31.00	.51
92.00	.89	20.00	.11
9.00	.60	89.00	.40
72.00	.18	60.00	.82
56.00	.98	8.00	.02
100.00	.35	50.00	.65
49.00	.82	50.00	.18
19.00	.89	81.00	.11
91.00	.14	6.00	.86
48.00	.66	38.00	.34
89.00	.40	37.00	.60
17.00	.71	77.00	.29
45.00	.88	29.00	.12
13.00	.76	90.00	.24
67.00	.39	63.00	.61
6.00	.60	45.00	.40
19.00	.66	79.00	.34
39.00	.07	74.00	.93
87.00	.83	61.00	.17
92.00	.98	19.00	.02
26.00	.14	96.00	.86
15.00	.79	29.00	.21
100.00	.58	1.00	.42
95.00	.84	17.00	.16
37.00	.41	24.00	.59
98.00	.49	3.00	.51
47.00	.42	64.00	.58
85.00	.14	82.00	.86
23.00	.44	31.00	.56
32.00	.04	47.00	.96
12.00	.18	28.00	.82
93.00	.64	35.00	.36
47.00	.27	77.00	.73
57.00	.20	94.00	.80
36.00	1.00	.00	.00
87.00	.80	18.00	.20
77.00	.60	48.00	.40
100.00	.85	2.00	.15
52.00	.36	36.00	.64
37.00	.64	65.00	.36
56.00	.90	82.00	.10
67.00	.26	100.00	.74
43.00	.63	53.00	.37
68.00	.95	95.00	.05
7.00	.43	97.00	.57
39.00	.32	56.00	.68
77.00	.48	6.00	.52
44.00	.15	29.00	.85
53.00	.39	20.00	.61
9.00	.21	31.00	.79
16.00	.84	91.00	.16
25.00	.14	27.00	.86
20.00	.38	86.00	.62
98.00	.24	26.00	.76
7.00	.59	59.00	.41
64.00	.94	14.00	.06
1.00	.19	87.00	.81
7.00	.47	85.00	.53
55.00	.71	63.00	.29
-67.00	.43	-28.00	.57
-14.00	.62	-83.00	.38
-46.00	.17	-64.00	.83
-96.00	.96	-37.00	.04
-47.00	.93	-70.00	.07
-7.00	.34	-63.00	.66
-80.00	.43	-24.00	.57
-49.00	.83	-11.00	.17
-56.00	.72	-83.00	.28
-48.00	.77	-34.00	.23
-33.00	.77	-30.00	.23
-2.00	.17	-100.00	.83
-99.00	.42	-37.00	.58
-46.00	.05	-44.00	.95
-46.00	.04	-58.00	.96
-94.00	.71	-51.00	.29
-4.00	.38	-36.00	.62
-27.00	.64	-83.00	.36
-41.00	.49	-61.00	.51
-83.00	.44	-8.00	.56
-65.00	.79	-28.00	.21
-38.00	.76	-99.00	.24
-88.00	.27	-35.00	.73
-11.00	.41	-54.00	.59
-32.00	.70	-37.00	.30
-42.00	.93	-30.00	.07
-40.00	.29	-82.00	.71
-42.00	.17	-70.00	.83
-41.00	.69	-48.00	.31
-77.00	.14	-9.00	.86
-73.00	.14	-40.00	.86
-100.00	.55	-28.00	.45
-9.00	.61	-90.00	.39
-63.00	.25	-30.00	.75
-52.00	.18	-74.00	.82
-90.00	.47	-66.00	.53
-9.00	.52	-73.00	.48
-58.00	.86	-97.00	.14
-90.00	.25	-39.00	.75
-51.00	.42	-30.00	.58
-12.00	.17	-69.00	.83
-78.00	.40	-22.00	.60
-77.00	.39	-75.00	.61
.00	.46	-97.00	.54
-31.00	.47	-90.00	.53
-6.00	.45	-51.00	.55
-48.00	.28	-74.00	.72
-34.00	.88	-77.00	.12
-15.00	.44	-62.00	.56
-57.00	.76	-28.00	.24
-18.00	.52	-60.00	.48
-77.00	.08	-51.00	.92
-85.00	.95	-29.00	.05
-52.00	.80	-93.00	.20
-30.00	.47	-61.00	.53
-67.00	.68	-49.00	.32
-17.00	.26	-43.00	.74
-15.00	.15	-52.00	.85
-15.00	.64	-80.00	.36
-97.00	.78	-34.00	.22
73.00	.02	-88.00	.98
58.00	.94	-54.00	.06
87.00	.10	-71.00	.90
14.00	.98	-69.00	.02
96.00	.60	-40.00	.40
89.00	.37	-81.00	.63
24.00	.73	-83.00	.27
7.00	.46	-30.00	.54
31.00	.03	-49.00	.97
32.00	.99	-100.00	.01
31.00	.40	-39.00	.60
38.00	.91	-73.00	.09
29.00	.47	-80.00	.53
23.00	.87	-39.00	.13
48.00	.87	-10.00	.13
27.00	.47	-60.00	.53
39.00	.07	-27.00	.93
16.00	.11	-48.00	.89
60.00	.45	-8.00	.55
67.00	.52	-28.00	.48
93.00	.35	-85.00	.65
99.00	.94	-96.00	.06
.00	.32	-76.00	.68
84.00	.38	-41.00	.62
92.00	.60	-31.00	.40
63.00	.96	-4.00	.04
84.00	.51	-60.00	.49
83.00	.15	-28.00	.85
19.00	.22	-18.00	.78
37.00	.94	-65.00	.06
4.00	.37	-31.00	.63
99.00	.64	-54.00	.36
46.00	.32	-89.00	.68
14.00	.26	-75.00	.74
46.00	.86	-76.00	.14
8.00	.30	-37.00	.70
23.00	.21	-64.00	.79
83.00	.12	-69.00	.88
8.00	.80	-88.00	.20
99.00	.52	-13.00	.48
32.00	.36	-72.00	.64
86.00	.76	-75.00	.24
26.00	.92	-56.00	.08
3.00	.66	-82.00	.34
66.00	.78	-70.00	.22
1.00	.83	-70.00	.17
44.00	.59	-50.00	.41
14.00	.20	-86.00	.80
9.00	.27	-67.00	.73
26.00	.36	-48.00	.64
51.00	.48	-99.00	.52
15.00	.53	-73.00	.47
37.00	.59	-34.00	.41
71.00	.50	-26.00	.50
74.00	.68	-2.00	.32
75.00	.67	-7.00	.33
70.00	.66	-18.00	.34
96.00	.87	-89.00	.13
26.00	.18	-51.00	.82
76.00	.75	-100.00	.25
